.Random.seed <-
c(403L, 10L, 429913164L, 1039419554L, 663816189L, 887518455L, 
-1394957794L, -1785815848L, 1127309371L, -627103271L, -142815384L, 
1484259990L, 1569541137L, 1313578435L, -85843502L, -1895782300L, 
633309095L, -1138620163L, -579543820L, -198820902L, 1110249253L, 
-891595201L, 1863196102L, -1086768560L, 1081357939L, 1675770513L, 
-187006272L, 58860702L, -444594071L, -423795557L, -652812886L, 
979373516L, -1140711281L, 992698565L, 1358762108L, -522474286L, 
-1322367923L, 399136007L, 1166817518L, 1177655752L, 740589259L, 
-324374743L, 689469304L, 1006455974L, -2069979455L, -1609279661L, 
1870238722L, -755125964L, -2045961545L, -370063699L, 1507411908L, 
1061367786L, -1022300075L, 388386287L, 1209259510L, -1499794656L, 
-34657053L, -1208931967L, -1503485968L, -198721906L, 1049100793L, 
-515568757L, 1645496250L, -1287813444L, 2101648895L, -1695851691L, 
1793018988L, 289319106L, -735708387L, -1303285353L, -788649730L, 
656489144L, 1826030747L, -100924679L, 701187144L, -158587018L, 
1265623729L, 9794275L, -406261326L, -1859632636L, 404404551L, 
-1262009315L, 1417804436L, 1992389178L, 1444281477L, -700178081L, 
1257730534L, -1920065424L, -1447140461L, -1114430415L, 116632288L, 
-1572787330L, -1924947447L, 1782098491L, -1633176566L, -1642329108L, 
-1865162641L, 843841445L, -546273444L, -1985705166L, -507940307L, 
-955195161L, -703327730L, 867839976L, 1049416171L, 353247881L, 
-831055336L, 1305170246L, 1574297505L, 1064669747L, 1270083490L, 
-1786910060L, 225222935L, -1109770483L, 891401764L, -97673718L, 
-1788827787L, 1628910287L, -1206942250L, -688043648L, 422347203L, 
-1388406943L, -298701360L, -1652122322L, 789130457L, -1062672661L, 
980484954L, 1128486172L, 1305945119L, -429037451L, -758696692L, 
-1124263710L, -1643605571L, -1976461769L, 774016222L, -2012375016L, 
1230555003L, 1262241561L, 1933138856L, 275270486L, -1432300591L, 
545781635L, 1367138834L, -1549929052L, -1127337625L, 1872174781L, 
-1560353228L, -1128227430L, -1016763931L, -1296149121L, -127312634L, 
1448576656L, 769756979L, 54136017L, -2086939008L, -962298018L, 
17489065L, 925093723L, 1164748138L, 50817036L, -1625866161L, 
1458354437L, -373902916L, -1201335150L, -49049715L, -1163864121L, 
1641737390L, -1759838968L, -318842101L, 1027601897L, -531275080L, 
287663462L, -542147071L, -153925485L, -816196798L, -425644812L, 
-5834505L, 895856877L, -1269845116L, 280571306L, 1288409877L, 
-973196881L, 203305398L, 2140555232L, -1894414557L, -486999999L, 
105583408L, -1756505778L, 1735404473L, -853951029L, 655404666L, 
-728284292L, 417745855L, -1024936811L, 199973548L, -1552967550L, 
-187008931L, 1977184087L, 2070786622L, 611038840L, 601937243L, 
-1503603527L, 703020296L, -1943224394L, -1323096847L, -1889066205L, 
-195234446L, 1653559236L, 1646590855L, -751236771L, 986834772L, 
-1292149382L, 1846216901L, 1009441311L, 2061372838L, -1868570832L, 
299521491L, 482018289L, -697535200L, 1901568958L, -1323799607L, 
610667387L, -850642614L, -182528596L, -20954961L, 1098840677L, 
277463580L, 1816263794L, -1555922195L, -457729648L, 1266278892L, 
-1261552044L, 929885330L, 1305230112L, -1213734452L, -375456288L, 
-1649152318L, 577155112L, 2000871084L, -1357991748L, 866850290L, 
402791728L, -1684781916L, -995073352L, -1361512102L, 1721995664L, 
-1093005444L, -731043564L, -1990054078L, -1775759616L, -1164598340L, 
-1316439216L, 1398132514L, 1034872136L, 566052364L, 1004396636L, 
-1417938734L, 979219968L, 1334917460L, 56641000L, 1024156666L, 
-1023513392L, -560744148L, 921925364L, 490042770L, -15916960L, 
489223436L, -544554272L, -834722462L, -1601336664L, 739422796L, 
127741308L, -848010958L, -648127376L, -1205058748L, 2061203928L, 
-567362438L, -1740751312L, 1361437372L, 1947044692L, 428556354L, 
-2031494752L, -605583684L, 921404880L, -585142942L, 1078304744L, 
-2116710452L, -684492036L, -1939087886L, -557706112L, -70704908L, 
-1695620472L, -427883718L, -1872720048L, 261321324L, 221100180L, 
-1306152622L, 1174128352L, 342298316L, -511029088L, -1280284798L, 
-183732504L, -2050531604L, -1336909764L, 646352498L, 10869872L, 
-1403088348L, -1849409480L, -1842227174L, -655948080L, 957598780L, 
-1837943660L, -1339844478L, -1398616128L, -875624132L, 1243889296L, 
-1240856542L, -486320120L, -769622900L, 1394058268L, 996770450L, 
572006528L, -1161173996L, 94605608L, 1382791738L, 1686627536L, 
-1639023508L, 899948212L, -1243113454L, 1431957472L, 1747057612L, 
-1103702560L, 1225800226L, 1937425704L, 1127357708L, -166283716L, 
1609713906L, -551704848L, -141398204L, -1123178920L, -2108626374L, 
-1474392336L, -2143184708L, 1206290964L, 2111982786L, 118402144L, 
-585171588L, -1969190704L, -826655710L, 1846023848L, -675394676L, 
-1626503748L, -1794018254L, -946786496L, 2017608884L, -1950924984L, 
-983391558L, 1611624208L, -1126796052L, 1146100820L, -1113399534L, 
-202944608L, -1291070516L, -236450976L, 283780290L, -72679896L, 
516767148L, 724343612L, 1002448754L, -2021925072L, -2076842460L, 
2077465656L, 1769978074L, 1154559376L, -1281475844L, 1591731092L, 
-119795902L, 150320640L, 637967932L, -751549872L, 709283490L, 
195685192L, -1803496948L, -1988126500L, 752343634L, -2132060032L, 
837116756L, 1123122664L, 1262640890L, 2120792912L, -1140970452L, 
1509370228L, -738924910L, -1466724768L, -110401908L, 613767008L, 
1316926178L, 464625832L, 2061409484L, 2025406972L, -1408460878L, 
1424636400L, -1465035324L, 1039807320L, 490323834L, 593307056L, 
359632316L, -1495897004L, -1991999550L, -1601186016L, 887296956L, 
1619267152L, -659191326L, -1892686488L, -1147337396L, -1542005508L, 
-963308814L, -1377883392L, -42754444L, -1989633016L, -861853254L, 
-1711363120L, -955660820L, 469217172L, 480206546L, -1386517920L, 
748844364L, -247033568L, -733342078L, -356907544L, -91984916L, 
75434556L, -1497684366L, 462560112L, 738720036L, -259024328L, 
-1509418598L, -2060263984L, -1744523844L, -370121580L, 1948483714L, 
-1604176448L, -1146898628L, -1872689008L, 75086626L, 1061646856L, 
1707000076L, 327797148L, 1986619922L, 199810944L, -2039786732L, 
1415891240L, 1481969722L, -990776368L, 1459168876L, 2037514804L, 
-87896027L, -265394238L, -1506476880L, -1611400999L, 1133702731L, 
110953660L, -37291286L, 223902495L, 2058285993L, -1459161794L, 
-1199145940L, -35865987L, 2092020935L, 803951024L, -424215602L, 
425306363L, 1090056029L, 1012092042L, -2013300056L, 2118321681L, 
-1149200637L, 337768964L, -1433208270L, -1058592121L, 1587990225L, 
-1678813098L, 584968244L, 1068452677L, 855406991L, -1506414328L, 
937356070L, -1100766253L, -149744331L, 1071330450L, 2097409120L, 
-433813047L, -593190661L, -285303092L, -1623239846L, 212973135L, 
-1631775975L, -344978130L, 182818620L, 824095917L, -1921939625L, 
314477216L, 516809726L, 557142731L, -813529907L, -625948678L, 
175021112L, -1804218911L, -2128423277L, 1585247412L, 283442626L, 
2140786135L, 2017890849L, 1462960614L, -1899816732L, 1240639509L, 
-768255937L, 1600960472L, -1941095946L, 833460739L, -1294316219L, 
-1679378078L, 633008848L, 285404665L, 908920107L, -1546082660L, 
-320396086L, 1765887423L, -1012043511L, 1760907806L, -1164697652L, 
-1505256035L, 106199079L, 208021072L, -778063122L, 754269083L, 
-1965159939L, -323482390L, -907442296L, 4124977L, -1219178077L, 
281273764L, 944846930L, 1892875175L, -208707599L, 799787830L, 
2024093652L, -1054323355L, 1583366511L, 143645608L, 2134372614L, 
-1702735821L, 2037302933L, 737427186L, 1719586624L, 943238313L, 
871067931L, -1623308564L, -602047750L, -1813970129L, 1474251577L, 
-1797255858L, -372331620L, -775282419L, -111631497L, 42899328L, 
-519109154L, 1755880107L, -104663635L, 1650895386L, 1455664344L, 
-1603366591L, 66808307L, 1031594004L, -665426526L, 814637751L, 
472321153L, 1619262598L, -1497425724L, 795276789L, -1797250977L, 
-1088005448L, -1693777002L, 1859654051L, 1183577445L, 195191938L, 
1794584048L, 799439769L, -101818997L, 995743868L, -848016726L, 
-1281137441L, -882847127L, -979357570L, 2016610412L, -1663266627L, 
-972152441L, 891164016L, 1239756814L, -657740485L, 1550045725L, 
